［6501,5500,5101,5106,5123,5136,5025,5036,5165,5176,5057,5066,5203］
=11K
［5600,5001,5006,5113,5126,5143,5152,5039,5050,5183,5194,5107A,6108,6123,6114,6129,6120］
=12K
［8123,6119,5114,5013,5024,5151,5160,5043,5054,5191,5100A,5213,6200］
=14K
［6603,5014,5131,5140,5029,5040,5173,5182,5061,5070,5211］
=15K
［8105,5100,5009,5018,5139,5148,5035,5046,5179,5190,5199,5106A,5221］
=16K
［5204,5105,5118,5135,5146,5033,5044,5177,5188,5065,5074,5069,6600］
=17K
［8111,6105,5102,5115,5128,5021,5032,5161,5170,5053,5062,5105A,6106,6121,6112,6127,6118］
=18K
［6107,5104,5117,5130,5145,5154,5041,5052,5185,6104,5214,5605］
=19K
［8121,5010,5121,5134,5147,5156,5167,5178,5189,5198,5209,5208,2705,6766］
=20K
［8127,6115,5110,5127,5138,5027,5038,5169,5180,5059,5068,5207,5206,5227］
=21K
［5702,5103,5116,5133,5142,5031,5042,5175,5186,5063,5072,5067,6016,1204,5601］
=22K
［8159,6738,8140,8163］
=23K
